drwxr-xr-x   2 2680483  15000       12288 Mar  8  2017 01
drwxr-xr-x   2 2680483  15000        8192 Sep  8 18:51 02
drwxr-xr-x   2 2680483  15000       12288 Sep 20 13:23 03
drwxr-xr-x   2 2680483  15000        4096 Sep  8 18:36 04
drwxr-xr-x   2 2680483  15000        4096 May  1  2017 05
drwxr-xr-x   2 2680483  15000        4096 Jun  6  2017 06
drwxr-xr-x   2 2680483  15000        4096 Jul  2  2017 07
drwxr-xr-x   2 2680483  15000        4096 Aug  2  2017 08
drwxr-xr-x   2 2680483  15000       12288 Oct 17 15:05 09
drwxr-xr-x   2 2680483  15000        4096 Oct 30 15:21 10
drwxr-xr-x   2 2680483  15000        4096 Nov 16 13:31 11
drwxr-xr-x   2 2680483  15000        4096 Dec 27 12:29 12
